# oST version 5.0 parameters


[image]

width
960

height
544

[narrow_stereo]

camera matrix
1205.850608 0.000000 417.766397
0.000000 1231.258378 306.823789
0.000000 0.000000 1.000000

distortion
0.170342 -0.021726 0.015853 -0.033846 0.000000

rectification
1.000000 0.000000 0.000000
0.000000 1.000000 0.000000
0.000000 0.000000 1.000000

projection
1235.363770 0.000000 401.728837 0.000000
0.000000 1284.131836 310.315204 0.000000
0.000000 0.000000 1.000000 0.000000
